tests/test_dsp/c1pg1080.23i
     1.0            IONOSPHERE MAPS     GNSS                IONEX VERSION / TYPE
IONINX V5.5         AIUB                18-APR-23 08:35     PGM / RUN BY / DATE
CODE'S 1-DAY PREDICTED IONOSPHERE MAPS FOR DAY 108, 2023    COMMENT
Global ionosphere maps (GIM) are generated on a daily basis DESCRIPTION
at CODE using data from about 120 GNSS sites of the IGS and DESCRIPTION
other institutions. The vertical total electron content     DESCRIPTION
(VTEC) is modeled in a solar-geomagnetic reference frame    DESCRIPTION
using a spherical harmonics expansion up to degree and      DESCRIPTION
order 15. Piece-wise linear functions are used for          DESCRIPTION
representation in the time domain. The time spacing of      DESCRIPTION
their vertices is 1 hour, conforming with the epochs of the DESCRIPTION
VTEC maps.                                                  DESCRIPTION
To convert line-of-sight TEC into vertical TEC, a modified  DESCRIPTION
single-layer model mapping function approximating the JPL   DESCRIPTION
extended slab model mapping function is adopted. The        DESCRIPTION
mapping function is evaluated at geodetic satellite         DESCRIPTION
elevation angles. For the computation of the ionospheric    DESCRIPTION
pierce points, a spherical layer with a radius of 6821 km   DESCRIPTION
is assumed, implying geocentric, not geodetic IONEX         DESCRIPTION
latitudes.                                                  DESCRIPTION
Instrumental biases with respect to each involved GNSS code DESCRIPTION
observable are estimated as constant values for each        DESCRIPTION
day. They are modeled with one set of bias parameters for   DESCRIPTION
each satellite and each station in case of GPS and for each DESCRIPTION
satellite-station link in case of GLONASS. The code bias    DESCRIPTION
datum is defined by zero-mean conditions imposed on the     DESCRIPTION
satellite bias estimates. In this file, just GPS C1W-C2W    DESCRIPTION
satellite and station bias values are included. The         DESCRIPTION
complete set of GNSS code bias results is provided in an    DESCRIPTION
additional Bias-SINEX file as pseudo-absolute values        DESCRIPTION
specific to each observable.                                DESCRIPTION
Contact address: code(at)aiub.unibe.ch                      DESCRIPTION
Data archive:    ftp.aiub.unibe.ch/CODE/                    DESCRIPTION
                 www.aiub.unibe.ch/download/CODE/           DESCRIPTION
  2023     4    18     0     0     0                        EPOCH OF FIRST MAP
  2023     4    19     0     0     0                        EPOCH OF LAST MAP
  3600                                                      INTERVAL
    25                                                      # OF MAPS IN FILE
  NONE                                                      MAPPING FUNCTION
    10.0                                                    ELEVATION CUTOFF
One-way carrier phase leveled to code                       OBSERVABLES USED
  6371.0                                                    BASE RADIUS
     2                                                      MAP DIMENSION
   450.0 450.0   0.0                                        HGT1 / HGT2 / DHGT
    87.5 -87.5  -2.5                                        LAT1 / LAT2 / DLAT
  -180.0 180.0   5.0                                        LON1 / LON2 / DLON
    -1                                                      EXPONENT
TEC/RMS values in 0.1 TECU; 9999, if no value available     COMMENT
                                                            END OF HEADER
[from data line 9009]
    22                                                      START OF TEC MAP
  2023     4    18    21     0     0                        EPOCH OF CURRENT MAP
    87.5-180.0 180.0   5.0 450.0                            LAT/LON1/LON2/DLON/H
  230  231  232  233  234  236  237  238  239  240  241  242  243  243  244  244
  244  244  244  244  243  242  242  241  240  239  237  236  235  234  232  231
  230  228  227  226  225  224  223  223  222  221  221  220  220  220  220  220
  220  220  220  220  220  220  221  221  221  221  222  222  222  223  223  223
  224  224  225  226  226  227  228  229  230
    85.0-180.0 180.0   5.0 450.0                            LAT/LON1/LON2/DLON/H
  220  222  225  227  230  233  236  239  242  245  248  250  252  254  256  257
  257  257  257  256  255  253  251  249  246  244  241  238  235  232  230  227
  224  222  219  217  215  214  212  211  210  209  209  209  209  209  209  210
  210  211  211  212  212  213  213  213  214  214  214  214  214  214  214  214
  214  214  214  215  215  216  217  219  220
    82.5-180.0 180.0   5.0 450.0                            LAT/LON1/LON2/DLON/H
  205  208  211  215  219  224  229  234  240  245  251  255  260  263  266  267
  268  268  267  266  263  260  257  254  250  246  242  238  234  230  226  222
  218  215  212  209  206  204  202  201  200  199  199  199  200  200  201  203
  204  205  206  207  208  208  209  209  208  208  208  207  206  205  204  204
  203  202  202  201  201  202  202  204  205
    80.0-180.0 180.0   5.0 450.0                            LAT/LON1/LON2/DLON/H
  191  193  196  200  205  212  219  227  235  243  251  258  265  270  273  275
  276  275  274  271  268  264  260  255  251  246  241  237  233  228  224  220
  216  212  208  205  202  199  197  195  194  193  193  193  194  195  197  199
  200  202  204  205  205  206  206  205  204  203  202  201  200  198  197  196
  194  193  192  191  190  189  189  190  191
    77.5-180.0 180.0   5.0 450.0                            LAT/LON1/LON2/DLON/H
  183  183  186  189  195  202  211  220  231  241  252  261  269  275  279  281
  281  279  276  272  268  263  258  254  249  245  241  237  233  229  225  221
  218  214  210  206  202  199  196  194  192  191  191  191  192  193  195  197
  199  201  202  203  203  203  202  201  199  197  196  194  193  192  191  191
  190  190  189  187  186  185  184  183  183
    75.0-180.0 180.0   5.0 450.0                            LAT/LON1/LON2/DLON/H
  186  185  185  187  192  198  207  218  230  242  254  265  273  279  283  284
  283  280  276  271  265  260  255  251  247  244  241  238  235  232  229  226
  223  219  215  211  207  203  199  196  193  192  190  190  191  192  193  195
  197  198  199  199  199  197  195  193  190  188  186  186  186  186  188  190
  191  193  194  194  193  191  190  187  186
    72.5-180.0 180.0   5.0 450.0                            LAT/LON1/LON2/DLON/H
  201  198  196  196  198  203  211  221  233  246  259  270  279  285  287  287
  284  279  274  268  262  257  253  249  246  244  242  240  239  237  235  233
  230  226  222  217  212  207  202  198  195  192  190  189  189  189  190  191
  192  193  193  192  190  188  184  181  178  175  174  175  177  181  186  191
  197  202  206  208  209  209  207  204  201
    70.0-180.0 180.0   5.0 450.0                            LAT/LON1/LON2/DLON/H
  226  221  217  214  213  216  221  230  241  254  266  278  286  291  292  290
  285  279  273  267  262  257  254  251  249  247  246  245  244  243  241  239
  236  231  226  220  214  208  203  198  193  190  187  185  183  183  182  183
  183  183  182  180  177  174  169  165  161  159  160  162  167  175  184  194
  204  213  221  227  231  233  232  230  226
    67.5-180.0 180.0   5.0 450.0                            LAT/LON1/LON2/DLON/H
  254  249  243  238  234  233  236  242  252  263  275  285  293  296  296  293
  288  281  275  270  265  262  260  257  255  254  252  251  250  249  248  245
  241  235  228  221  213  206  199  194  189  185  181  178  175  173  171  170
  169  169  167  165  161  157  152  147  144  143  144  149  158  169  182  196
  210  224  235  245  252  256  258  257  254
    65.0-180.0 180.0   5.0 450.0                            LAT/LON1/LON2/DLON/H
  278  274  268  261  255  251  251  255  262  271  281  291  297  301  300  297
  292  286  281  277  275  273  271  269  266  263  261  260  259  258  256  252
  247  239  230  220  210  201  194  188  183  178  174  170  166  162  158  156
  154  153  151  148  145  140  135  131  128  128  132  139  150  164  180  197
  214  230  244  256  266  273  277  279  278
    62.5-180.0 180.0   5.0 450.0                            LAT/LON1/LON2/DLON/H
  293  291  287  280  273  268  265  265  270  277  285  293  299  302  303  300
  296  293  290  289  288  288  286  284  280  276  273  272  271  271  269  265
  257  247  234  221  209  198  190  183  178  173  168  163  157  152  147  143
  141  139  137  135  132  127  123  119  118  119  124  133  146  162  179  198
  216  232  247  260  271  280  287  292  293
    60.0-180.0 180.0   5.0 450.0                            LAT/LON1/LON2/DLON/H
  300  301  299  293  287  281  276  274  276  280  286  293  298  302  303  302
  301  301  301  302  304  305  303  300  295  291  288  288  289  290  289  284
  274  261  244  227  212  200  190  183  178  173  167  161  153  146  140  136
  133  131  129  127  125  121  118  115  114  117  123  133  147  163  181  200
  217  232  245  257  268  279  288  295  300
    57.5-180.0 180.0   5.0 450.0                            LAT/LON1/LON2/DLON/H
  301  305  305  302  297  292  287  284  283  284  287  291  296  299  302  304
  306  308  311  316  319  321  320  316  311  307  306  309  313  316  316  310
  298  281  260  240  222  207  197  189  184  178  172  164  156  147  140  136
  133  131  130  128  126  123  120  119  119  122  129  139  153  169  187  204
  219  232  243  254  264  274  284  293  301
    55.0-180.0 180.0   5.0 450.0                            LAT/LON1/LON2/DLON/H
  302  308  311  311  309  306  302  299  295  293  292  293  295  299  302  306
  310  315  320  326  331  334  333  330  327  325  327  333  341  347  348  340
  325  304  279  256  236  220  209  201  195  189  182  173  164  155  148  144
  141  141  140  138  136  133  131  130  131  135  142  152  165  180  197  212
  226  237  247  255  263  273  283  293  302
    52.5-180.0 180.0   5.0 450.0                            LAT/LON1/LON2/DLON/H
  311  317  322  325  326  326  324  321  317  311  305  302  301  303  306  310
  315  321  328  335  340  344  344  343  342  343  349  359  370  378  377  367
  348  323  296  271  250  234  223  215  209  202  195  186  176  168  162  159
  158  158  157  156  153  149  147  146  148  152  158  168  180  195  210  226
  239  250  258  266  274  282  292  302  311
    50.0-180.0 180.0   5.0 450.0                            LAT/LON1/LON2/DLON/H
  331  337  342  347  351  355  357  355  349  340  330  321  316  314  316  319
  323  328  334  341  347  352  354  355  357  362  372  384  396  402  398  384
  360  332  303  279  259  246  236  228  222  215  207  199  190  183  179  178
  179  180  180  177  173  169  166  166  167  171  177  185  196  210  227  243
  258  270  280  288  296  305  314  323  331
    47.5-180.0 180.0   5.0 450.0                            LAT/LON1/LON2/DLON/H
  363  368  373  378  385  392  398  398  392  380  365  352  342  337  335  335
  337  339  343  349  355  360  365  369  374  382  392  404  413  415  405  384
  356  326  299  277  262  251  243  236  230  224  217  210  203  198  196  197
  201  203  202  199  194  189  186  185  187  190  194  201  212  226  244  263
  280  295  308  319  329  339  349  357  363
    45.0-180.0 180.0   5.0 450.0                            LAT/LON1/LON2/DLON/H
  404  408  412  417  426  436  445  448  442  429  411  393  378  369  363  359
  357  355  356  360  366  373  379  386  393  401  410  418  421  414  397  370
  339  309  285  269  259  252  246  240  234  229  224  218  214  211  212  216
  221  224  223  218  212  206  203  203  205  207  210  215  225  239  259  281
  302  321  338  352  366  379  390  398  404
    42.5-180.0 180.0   5.0 450.0                            LAT/LON1/LON2/DLON/H
  446  450  454  459  469  481  492  498  494  481  461  441  424  411  401  392
  384  378  376  378  384  391  399  407  414  421  425  426  420  404  379  347
  315  288  270  261  257  254  249  243  238  233  230  227  225  225  227  232
  238  241  239  233  226  220  218  218  220  221  223  226  235  250  272  296
  321  343  363  381  399  415  429  440  446
    40.0-180.0 180.0   5.0 450.0                            LAT/LON1/LON2/DLON/H
  484  489  494  500  509  522  535  543  542  530  512  492  474  459  445  431
  418  408  404  404  409  416  424  432  437  440  438  430  415  392  362  329
  299  278  268  266  266  264  259  252  245  242  241  240  240  240  242  247
  252  254  251  245  237  232  230  232  233  233  233  234  241  257  280  307
  334  358  380  401  422  442  461  475  484
    37.5-180.0 180.0   5.0 450.0                            LAT/LON1/LON2/DLON/H
  512  521  528  535  545  557  571  581  582  575  560  543  526  510  493  475
  458  444  437  436  440  446  453  459  462  459  451  436  415  389  358  329
  306  293  290  293  295  291  283  272  263  260  260  261  261  260  261  263
  266  266  261  254  247  243  242  244  245  243  240  240  246  261  285  314
  341  365  387  408  432  456  479  498  512
    35.0-180.0 180.0   5.0 450.0                            LAT/LON1/LON2/DLON/H
  529  544  555  564  574  586  600  611  616  613  604  592  578  562  543  521
  500  485  475  473  474  478  483  486  485  479  467  449  428  404  379  358
  345  340  343  348  347  339  323  306  295  291  291  292  290  287  284  283
  282  279  273  264  257  254  254  255  255  251  246  243  248  263  287  316
  344  366  386  407  431  458  486  510  529
    32.5-180.0 180.0   5.0 450.0                            LAT/LON1/LON2/DLON/H
  539  560  576  589  600  612  625  637  646  648  646  639  629  614  593  569
  545  527  516  510  509  510  511  512  508  500  488  473  458  442  428  419
  416  419  424  427  420  402  378  354  338  332  331  331  327  319  312  306
  301  295  287  277  270  266  266  265  263  257  249  244  247  262  287  316
  343  364  382  400  424  454  485  514  539
    30.0-180.0 180.0   5.0 450.0                            LAT/LON1/LON2/DLON/H
  546  572  594  612  626  638  652  666  677  685  688  687  681  667  644  617
  591  570  557  548  542  538  537  535  531  525  517  510  505  502  501  503
  508  515  520  516  499  471  437  406  386  377  375  373  366  354  343  333
  324  315  304  294  285  280  277  274  268  259  248  242  244  258  283  313
  341  362  378  396  419  449  483  516  546
    27.5-180.0 180.0   5.0 450.0                            LAT/LON1/LON2/DLON/H
  554  585  613  636  654  670  685  700  715  727  736  739  735  722  697  667
  638  615  598  584  572  564  560  558  556  554  554  558  566  575  584  593
  602  608  607  594  567  529  487  452  429  419  415  411  401  386  372  359
  348  336  324  312  301  293  286  278  268  256  244  236  237  250  276  309
  339  362  379  396  420  450  486  521  554
    25.0-180.0 180.0   5.0 450.0                            LAT/LON1/LON2/DLON/H
  567  601  633  662  686  707  725  744  762  777  789  796  794  779  753  721
  689  663  640  620  602  590  584  583  585  589  597  612  630  646  659  667
  672  672  662  640  604  560  515  478  456  446  442  436  425  410  395  382
  370  357  343  329  315  303  291  278  264  249  235  226  226  239  265  301
  336  363  384  403  428  460  496  532  567
    22.5-180.0 180.0   5.0 450.0                            LAT/LON1/LON2/DLON/H
  584  619  655  690  721  748  771  794  815  833  847  856  854  840  813  779
  745  715  687  659  635  619  613  615  620  629  645  665  686  702  708  706
  700  689  669  638  598  553  511  479  460  453  451  446  436  422  408  397
  385  373  358  341  325  307  290  272  254  237  223  213  211  223  250  289
  329  364  391  414  442  476  514  550  584
    20.0-180.0 180.0   5.0 450.0                            LAT/LON1/LON2/DLON/H
  603  638  676  717  755  788  818  845  869  890  905  915  915  901  875  841
  807  773  739  704  674  656  651  655  663  675  691  711  727  730  719  699
  676  652  623  588  547  508  475  453  442  440  441  438  431  421  411  402
  393  380  365  346  326  305  283  261  241  223  209  198  194  204  231  272
  319  361  395  425  457  495  533  569  603
    17.5-180.0 180.0   5.0 450.0                            LAT/LON1/LON2/DLON/H
  620  654  694  739  783  823  859  890  917  938  955  966  969  959  936  905
  871  836  797  757  722  703  700  705  713  722  734  746  747  730  694  650
  608  572  537  501  466  437  418  409  408  413  418  420  417  411  405  399
  391  379  363  343  320  296  272  248  227  210  196  184  178  185  209  252
  304  353  394  430  468  509  551  587  620
    15.0-180.0 180.0   5.0 450.0                            LAT/LON1/LON2/DLON/H
  633  666  707  754  803  848  888  921  950  972  990 1004 1011 1006  990  965
  936  901  860  816  779  759  756  761  765  767  769  767  749  706  643  576
  517  472  435  403  378  362  358  362  372  384  393  399  400  398  395  391
  383  370  352  331  308  284  259  236  216  200  186  174  165  168  189  231
  285  340  387  428  470  516  561  600  633
    12.5-180.0 180.0   5.0 450.0                            LAT/LON1/LON2/DLON/H
  640  674  715  764  815  862  903  937  965  987 1007 1024 1037 1040 1032 1016
  993  962  922  876  839  819  816  818  815  807  796  778  739  672  586  501
  433  385  351  326  310  306  315  332  350  366  377  385  389  389  387  381
  371  356  336  315  292  270  248  228  211  197  183  169  157  156  174  213
  267  324  374  419  465  515  564  606  640
    10.0-180.0 180.0   5.0 450.0                            LAT/LON1/LON2/DLON/H
  644  680  722  771  822  868  906  938  963  985 1005 1025 1044 1055 1058 1051
 1037 1013  976  932  896  876  871  868  857  838  815  783  728  645  545  452
  384  341  313  295  286  291  308  331  352  369  380  387  391  390  385  375
  360  340  318  296  276  257  240  225  212  199  185  170  156  151  165  201
  254  310  361  407  455  508  562  607  644
     7.5-180.0 180.0   5.0 450.0                            LAT/LON1/LON2/DLON/H
  649  687  730  778  827  870  904  931  952  971  990 1012 1035 1054 1065 1068
 1063 1047 1016  976  942  923  915  905  886  858  828  788  726  638  537  448
  389  357  338  324  318  324  343  365  384  397  404  407  407  402  391  374
  351  325  300  279  261  248  237  227  217  205  191  175  161  154  165  197
  247  302  353  398  447  501  558  608  649
     5.0-180.0 180.0   5.0 450.0                            LAT/LON1/LON2/DLON/H
  656  697  742  790  836  874  902  923  940  954  971  992 1017 1040 1057 1067
 1069 1060 1037 1003  972  953  941  926  900  869  836  797  738  657  567  494
  452  433  421  409  400  402  414  430  442  446  446  442  435  423  404  377
  346  314  285  264  249  241  236  230  223  212  198  182  168  162  171  201
  249  302  351  396  443  499  558  612  656
     2.5-180.0 180.0   5.0 450.0                            LAT/LON1/LON2/DLON/H
  666  711  757  806  851  884  907  923  935  945  958  976  998 1020 1038 1051
 1058 1055 1038 1011  984  965  950  930  902  871  842  811  764  699  630  579
  556  550  543  529  512  504  506  511  511  505  495  482  467  446  418  382
  342  304  272  250  239  234  233  230  224  214  200  187  175  171  181  211
  257  310  358  401  448  503  562  618  666
