tests/test_dsp/c1pg1080.23i
     1.0            IONOSPHERE MAPS     GNSS                IONEX VERSION / TYPE
IONINX V5.5         AIUB                18-APR-23 08:35     PGM / RUN BY / DATE
CODE'S 1-DAY PREDICTED IONOSPHERE MAPS FOR DAY 108, 2023    COMMENT
Global ionosphere maps (GIM) are generated on a daily basis DESCRIPTION
at CODE using data from about 120 GNSS sites of the IGS and DESCRIPTION
other institutions. The vertical total electron content     DESCRIPTION
(VTEC) is modeled in a solar-geomagnetic reference frame    DESCRIPTION
using a spherical harmonics expansion up to degree and      DESCRIPTION
order 15. Piece-wise linear functions are used for          DESCRIPTION
representation in the time domain. The time spacing of      DESCRIPTION
their vertices is 1 hour, conforming with the epochs of the DESCRIPTION
VTEC maps.                                                  DESCRIPTION
To convert line-of-sight TEC into vertical TEC, a modified  DESCRIPTION
single-layer model mapping function approximating the JPL   DESCRIPTION
extended slab model mapping function is adopted. The        DESCRIPTION
mapping function is evaluated at geodetic satellite         DESCRIPTION
elevation angles. For the computation of the ionospheric    DESCRIPTION
pierce points, a spherical layer with a radius of 6821 km   DESCRIPTION
is assumed, implying geocentric, not geodetic IONEX         DESCRIPTION
latitudes.                                                  DESCRIPTION
Instrumental biases with respect to each involved GNSS code DESCRIPTION
observable are estimated as constant values for each        DESCRIPTION
day. They are modeled with one set of bias parameters for   DESCRIPTION
each satellite and each station in case of GPS and for each DESCRIPTION
satellite-station link in case of GLONASS. The code bias    DESCRIPTION
datum is defined by zero-mean conditions imposed on the     DESCRIPTION
satellite bias estimates. In this file, just GPS C1W-C2W    DESCRIPTION
satellite and station bias values are included. The         DESCRIPTION
complete set of GNSS code bias results is provided in an    DESCRIPTION
additional Bias-SINEX file as pseudo-absolute values        DESCRIPTION
specific to each observable.                                DESCRIPTION
Contact address: code(at)aiub.unibe.ch                      DESCRIPTION
Data archive:    ftp.aiub.unibe.ch/CODE/                    DESCRIPTION
                 www.aiub.unibe.ch/download/CODE/           DESCRIPTION
  2023     4    18     0     0     0                        EPOCH OF FIRST MAP
  2023     4    19     0     0     0                        EPOCH OF LAST MAP
  3600                                                      INTERVAL
    25                                                      # OF MAPS IN FILE
  NONE                                                      MAPPING FUNCTION
    10.0                                                    ELEVATION CUTOFF
One-way carrier phase leveled to code                       OBSERVABLES USED
  6371.0                                                    BASE RADIUS
     2                                                      MAP DIMENSION
   450.0 450.0   0.0                                        HGT1 / HGT2 / DHGT
    87.5 -87.5  -2.5                                        LAT1 / LAT2 / DLAT
  -180.0 180.0   5.0                                        LON1 / LON2 / DLON
    -1                                                      EXPONENT
TEC/RMS values in 0.1 TECU; 9999, if no value available     COMMENT
                                                            END OF HEADER
[from data line 5577]
    14                                                      START OF TEC MAP
  2023     4    18    13     0     0                        EPOCH OF CURRENT MAP
    87.5-180.0 180.0   5.0 450.0                            LAT/LON1/LON2/DLON/H
  208  209  211  212  214  216  218  220  222  224  226  228  230  231  233  235
  236  238  239  240  241  242  242  242  243  242  242  241  240  239  238  237
  235  233  231  229  227  225  223  221  219  217  215  213  211  210  208  207
  206  205  204  203  203  202  202  201  201  201  201  201  201  201  201  202
  202  202  203  203  204  205  206  207  208
    85.0-180.0 180.0   5.0 450.0                            LAT/LON1/LON2/DLON/H
  197  198  200  202  204  207  211  214  218  222  226  230  234  238  241  245
  248  251  254  257  259  260  262  262  263  263  262  262  260  258  256  253
  250  246  243  238  234  230  225  221  217  213  210  207  204  202  200  198
  197  197  196  196  196  197  197  197  198  198  198  198  198  197  197  197
  196  195  195  195  194  194  195  195  197
    82.5-180.0 180.0   5.0 450.0                            LAT/LON1/LON2/DLON/H
  186  186  187  189  191  194  198  203  208  213  218  224  229  235  240  245
  250  254  258  262  265  268  270  272  273  274  274  274  273  271  269  266
  262  257  252  247  240  234  228  222  216  211  207  203  200  198  198  197
  198  199  201  203  206  208  210  212  213  214  214  214  213  211  209  207
  204  201  198  195  192  190  188  187  186
    80.0-180.0 180.0   5.0 450.0                            LAT/LON1/LON2/DLON/H
  178  176  175  175  176  179  183  188  193  199  205  211  218  224  230  235
  241  245  250  254  258  262  265  269  271  274  276  277  278  277  276  274
  270  266  261  254  247  240  233  226  219  214  209  206  204  204  205  208
  211  216  221  226  231  236  240  243  246  247  247  246  244  241  236  231
  225  219  212  205  199  192  187  182  178
    77.5-180.0 180.0   5.0 450.0                            LAT/LON1/LON2/DLON/H
  175  170  166  164  164  165  168  172  177  183  189  195  202  208  213  219
  224  229  233  238  242  247  251  256  260  264  268  272  275  277  278  277
  276  273  268  262  256  248  241  234  227  222  218  217  217  219  224  230
  237  245  253  261  269  276  281  285  288  288  288  285  281  276  269  261
  252  242  232  221  211  200  191  182  175
    75.0-180.0 180.0   5.0 450.0                            LAT/LON1/LON2/DLON/H
  176  167  161  157  155  155  156  159  164  169  174  180  185  191  196  201
  205  210  214  219  224  228  234  239  245  251  257  262  268  272  276  278
  279  278  275  271  265  259  252  245  240  236  234  235  238  243  250  260
  270  281  291  301  310  317  322  325  326  325  323  318  313  305  296  286
  275  263  250  237  223  210  197  186  176
    72.5-180.0 180.0   5.0 450.0                            LAT/LON1/LON2/DLON/H
  177  167  159  153  150  149  149  151  154  158  162  167  171  176  181  185
  190  194  199  204  209  214  219  225  232  239  246  253  259  266  271  276
  279  280  280  278  274  270  265  260  256  254  255  258  263  271  281  293
  304  316  327  336  343  348  351  351  349  346  340  334  326  317  307  297
  285  273  259  245  231  216  202  189  177
    70.0-180.0 180.0   5.0 450.0                            LAT/LON1/LON2/DLON/H
  176  166  158  152  148  146  145  146  148  151  154  158  162  166  171  176
  181  186  191  196  202  207  213  218  225  231  238  245  252  259  266  272
  278  281  284  284  283  281  278  275  274  274  277  282  290  300  311  323
  334  344  352  358  362  362  360  356  350  342  334  325  316  306  296  286
  276  265  253  241  228  214  201  188  176
    67.5-180.0 180.0   5.0 450.0                            LAT/LON1/LON2/DLON/H
  170  161  154  149  145  143  143  143  145  147  149  152  156  160  166  172
  178  185  191  198  203  209  214  219  224  229  235  241  247  254  261  269
  275  281  286  289  290  291  290  291  292  295  300  307  315  325  336  346
  354  360  364  364  362  357  349  340  329  318  306  295  284  274  265  257
  248  240  231  222  212  201  190  180  170
    65.0-180.0 180.0   5.0 450.0                            LAT/LON1/LON2/DLON/H
  157  150  146  142  140  139  139  140  141  143  145  148  153  158  165  172
  181  189  198  205  211  216  221  224  228  231  235  239  245  251  258  266
  274  281  288  293  297  300  302  305  309  314  321  329  338  347  354  360
  364  364  362  356  347  336  324  310  295  281  267  254  242  232  223  215
  209  203  198  192  185  178  171  164  157
    62.5-180.0 180.0   5.0 450.0                            LAT/LON1/LON2/DLON/H
  138  135  132  131  130  131  132  134  136  138  141  145  150  156  165  174
  185  196  206  214  220  225  229  231  233  235  237  240  244  250  257  265
  274  284  292  299  305  310  314  319  325  332  341  349  357  364  368  369
  366  360  351  340  326  311  295  279  263  247  231  217  204  193  183  176
  170  166  162  158  155  151  147  142  138
    60.0-180.0 180.0   5.0 450.0                            LAT/LON1/LON2/DLON/H
  119  117  116  116  118  120  122  125  129  132  136  141  147  154  164  176
  188  201  212  221  228  232  235  236  238  239  240  243  247  253  260  270
  280  291  301  309  316  322  328  335  342  351  360  369  375  379  379  375
  367  355  341  325  309  293  277  260  245  229  213  198  184  172  160  151
  144  139  135  132  129  127  124  121  119
    57.5-180.0 180.0   5.0 450.0                            LAT/LON1/LON2/DLON/H
  105  103  103  104  105  108  112  116  121  126  131  137  143  152  163  176
  190  204  216  225  231  234  237  238  240  242  245  249  254  261  270  281
  293  305  316  325  332  339  345  353  362  371  381  389  394  395  391  382
  370  355  338  321  305  291  277  263  250  235  221  206  191  176  162  149
  139  131  125  120  116  113  110  107  105
    55.0-180.0 180.0   5.0 450.0                            LAT/LON1/LON2/DLON/H
  101   98   97   97   98  100  104  108  114  121  128  134  141  150  161  174
  189  204  216  225  231  234  237  239  243  247  253  259  266  275  286  299
  312  325  337  346  353  359  366  374  384  394  404  411  415  413  406  395
  380  364  347  332  319  307  297  287  277  265  251  237  220  204  187  171
  157  145  135  127  121  115  110  105  101
    52.5-180.0 180.0   5.0 450.0                            LAT/LON1/LON2/DLON/H
  111  106  102  100  100  100  102  107  113  120  128  136  143  151  161  174
  189  204  217  225  231  234  237  242  249  257  266  275  285  297  309  323
  337  351  362  372  379  385  391  399  409  419  429  435  437  434  426  414
  399  383  368  356  346  339  333  326  318  307  294  280  263  246  227  209
  191  175  162  151  142  133  125  118  111
    50.0-180.0 180.0   5.0 450.0                            LAT/LON1/LON2/DLON/H
  132  125  120  116  113  111  111  113  118  126  134  142  148  155  164  176
  192  207  219  228  233  237  242  250  260  272  285  298  310  323  336  350
  365  378  390  400  407  414  420  428  437  447  455  460  461  456  448  436
  423  409  397  388  382  377  372  366  358  347  334  319  304  287  268  249
  230  212  197  184  173  162  152  142  132
    47.5-180.0 180.0   5.0 450.0                            LAT/LON1/LON2/DLON/H
  161  153  146  141  136  131  128  127  131  138  146  152  158  163  171  183
  198  214  227  236  242  247  253  263  277  293  309  324  339  352  364  378
  391  406  419  430  439  446  453  460  469  477  483  486  484  479  470  460
  449  438  428  421  416  411  404  395  384  370  356  342  328  313  297  280
  262  244  229  216  204  193  182  171  161
    45.0-180.0 180.0   5.0 450.0                            LAT/LON1/LON2/DLON/H
  189  182  176  171  165  159  152  148  149  154  161  167  171  175  181  193
  209  225  239  249  256  262  270  282  299  317  335  352  367  379  391  403
  416  431  447  461  473  482  490  497  504  509  512  511  507  500  492  483
  473  464  456  448  441  433  422  407  390  372  355  341  330  319  307  293
  278  262  249  237  228  218  209  199  189
    42.5-180.0 180.0   5.0 450.0                            LAT/LON1/LON2/DLON/H
  211  206  203  200  195  187  178  171  169  171  177  182  185  188  194  206
  223  241  256  267  274  281  290  304  321  341  360  378  392  404  414  425
  439  456  476  495  511  524  533  540  544  546  543  538  530  521  513  504
  496  487  478  469  458  445  427  405  381  357  338  324  315  308  301  291
  278  265  254  245  238  232  225  218  211
    40.0-180.0 180.0   5.0 450.0                            LAT/LON1/LON2/DLON/H
  224  222  222  222  219  212  201  192  186  187  191  195  198  201  208  221
  239  259  275  286  294  301  310  324  341  360  380  398  412  424  434  446
  462  484  509  534  556  573  584  589  590  587  579  567  555  544  535  526
  518  508  498  486  472  453  429  400  370  341  320  306  298  294  290  282
  271  259  249  242  237  234  231  227  224
    37.5-180.0 180.0   5.0 450.0                            LAT/LON1/LON2/DLON/H
  227  228  230  233  233  228  218  207  199  198  201  205  208  212  221  235
  255  276  293  305  313  319  328  340  355  373  393  411  428  442  455  470
  491  519  551  583  611  631  642  646  643  634  620  603  586  573  563  554
  545  534  522  508  492  470  443  410  375  344  321  306  299  295  290  282
  270  256  245  237  233  231  230  228  227
    35.0-180.0 180.0   5.0 450.0                            LAT/LON1/LON2/DLON/H
  228  228  231  235  238  235  226  215  206  203  206  211  215  221  232  249
  271  292  310  321  329  335  342  352  364  381  400  421  442  461  479  501
  529  564  603  642  673  695  706  707  700  687  667  646  626  611  600  592
  582  570  558  544  529  508  480  447  412  382  358  342  333  326  317  304
  288  270  254  242  235  232  230  229  228
    32.5-180.0 180.0   5.0 450.0                            LAT/LON1/LON2/DLON/H
  232  229  229  232  235  234  227  217  208  204  207  212  219  227  240  260
  284  306  324  335  342  348  354  361  371  386  406  431  458  485  512  543
  579  621  666  708  741  763  772  770  760  743  721  697  676  661  651  643
  633  622  610  600  588  571  547  517  486  458  436  419  405  392  377  358
  334  310  286  268  255  247  242  237  232
    30.0-180.0 180.0   5.0 450.0                            LAT/LON1/LON2/DLON/H
  248  237  230  228  229  229  224  215  207  203  206  212  221  232  247  269
  294  318  335  347  354  360  365  371  379  393  416  446  481  517  555  595
  640  687  734  776  808  826  833  829  818  800  777  753  733  720  713  706
  698  688  680  674  668  657  638  613  588  564  544  525  507  487  464  437
  407  375  345  318  297  282  270  259  248
    27.5-180.0 180.0   5.0 450.0                            LAT/LON1/LON2/DLON/H
  277  257  240  229  226  224  221  213  206  202  204  212  222  235  253  276
  303  327  345  358  367  374  379  384  391  407  433  470  513  559  607  655
  705  755  801  839  865  879  883  878  867  852  832  811  795  786  781  777
  771  763  759  759  758  751  736  716  695  675  657  637  615  589  561  529
  495  458  422  388  359  336  316  297  277
    25.0-180.0 180.0   5.0 450.0                            LAT/LON1/LON2/DLON/H
  318  287  259  238  228  224  221  215  207  203  205  212  222  236  256  281
  309  334  354  368  380  389  396  402  411  429  460  503  554  608  663  717
  769  817  857  887  907  915  916  912  905  894  880  865  854  850  849  848
  843  838  837  839  840  834  817  797  777  761  745  725  701  673  643  612
  578  542  504  466  431  401  373  347  318
    22.5-180.0 180.0   5.0 450.0                            LAT/LON1/LON2/DLON/H
  362  323  284  254  237  229  225  219  212  207  207  213  222  236  256  283
  312  340  362  379  393  406  415  424  436  459  495  544  600  660  719  774
  824  866  896  917  928  932  931  930  928  925  918  909  904  905  908  909
  905  900  899  901  898  884  860  832  810  794  780  762  740  715  690  664
  637  606  572  535  497  463  431  398  362
    20.0-180.0 180.0   5.0 450.0                            LAT/LON1/LON2/DLON/H
  400  355  310  273  250  239  233  227  219  213  210  214  221  234  253  280
  311  341  367  388  406  422  435  447  465  493  536  589  648  709  767  820
  864  896  916  926  930  930  931  935  940  943  943  941  941  945  950  952
  947  941  937  932  918  890  849  808  778  760  748  735  719  702  688  674
  658  638  611  579  544  509  475  440  400
    17.5-180.0 180.0   5.0 450.0                            LAT/LON1/LON2/DLON/H
  423  377  330  289  262  248  242  236  227  218  213  213  217  227  246  273
  306  340  369  394  415  434  452  469  493  529  577  633  693  751  805  852
  887  909  918  920  919  919  923  931  943  953  958  960  963  968  973  973
  966  955  945  929  899  849  787  729  687  665  656  650  644  640  640  641
  639  631  615  591  561  529  496  462  423
    15.0-180.0 180.0   5.0 450.0                            LAT/LON1/LON2/DLON/H
  425  383  338  297  269  255  248  241  231  220  212  208  209  217  234  261
  296  333  367  396  420  442  463  486  518  561  614  673  730  783  831  869
  896  908  909  905  903  905  914  927  943  958  966  969  971  974  977  973
  962  946  927  898  849  776  691  614  562  537  530  532  539  550  564  579
  589  592  585  570  548  520  491  461  425
    12.5-180.0 180.0   5.0 450.0                            LAT/LON1/LON2/DLON/H
  409  373  333  296  270  256  249  242  231  218  207  200  198  203  218  246
  283  324  361  393  420  445  469  498  537  587  646  705  759  805  845  876
  895  901  898  892  892  899  912  929  947  962  969  971  970  969  967  959
  944  922  894  852  785  693  589  498  438  412  409  420  438  462  487  511
  527  536  536  528  512  490  465  439  409
    10.0-180.0 180.0   5.0 450.0                            LAT/LON1/LON2/DLON/H
  381  351  317  286  262  250  244  237  226  211  198  188  184  187  201  229
  268  311  353  387  417  443  471  506  551  608  670  729  778  819  851  876
  891  894  890  888  893  905  922  940  957  968  972  969  963  958  951  939
  919  893  859  808  731  626  513  416  354  330  332  350  376  407  437  462
  477  484  484  479  468  450  429  406  381
     7.5-180.0 180.0   5.0 450.0                            LAT/LON1/LON2/DLON/H
  352  327  298  271  251  240  234  227  216  201  186  175  169  171  185  213
  253  299  343  380  412  441  473  512  564  625  689  745  790  825  853  874
  888  892  891  895  906  923  942  958  971  977  976  967  956  945  934  919
  898  871  835  782  702  597  486  394  338  319  326  348  376  407  433  449
  455  452  448  441  430  414  395  374  352
     5.0-180.0 180.0   5.0 450.0                            LAT/LON1/LON2/DLON/H
  332  308  283  259  240  229  223  216  204  189  174  162  155  157  171  199
  240  288  334  374  409  441  477  521  576  639  702  756  796  826  850  871
  886  894  900  909  926  947  966  978  984  984  977  964  949  934  920  904
  884  859  827  779  706  613  516  439  396  386  396  417  442  464  478  479
  467  451  435  423  411  395  375  354  332
     2.5-180.0 180.0   5.0 450.0                            LAT/LON1/LON2/DLON/H
  327  303  278  254  234  222  214  206  194  179  164  151  145  148  162  190
  232  280  328  371  409  446  486  534  590  652  712  760  795  822  845  867
  885  898  910  925  946  968  984  991  991  984  973  957  939  923  908  894
  877  859  834  796  739  667  594  540  514  513  525  540  554  562  559  540
  509  475  448  429  413  395  374  350  327
