tests/test_dsp/c1pg1080.23i
     1.0            IONOSPHERE MAPS     GNSS                IONEX VERSION / TYPE
IONINX V5.5         AIUB                18-APR-23 08:35     PGM / RUN BY / DATE
CODE'S 1-DAY PREDICTED IONOSPHERE MAPS FOR DAY 108, 2023    COMMENT
Global ionosphere maps (GIM) are generated on a daily basis DESCRIPTION
at CODE using data from about 120 GNSS sites of the IGS and DESCRIPTION
other institutions. The vertical total electron content     DESCRIPTION
(VTEC) is modeled in a solar-geomagnetic reference frame    DESCRIPTION
using a spherical harmonics expansion up to degree and      DESCRIPTION
order 15. Piece-wise linear functions are used for          DESCRIPTION
representation in the time domain. The time spacing of      DESCRIPTION
their vertices is 1 hour, conforming with the epochs of the DESCRIPTION
VTEC maps.                                                  DESCRIPTION
To convert line-of-sight TEC into vertical TEC, a modified  DESCRIPTION
single-layer model mapping function approximating the JPL   DESCRIPTION
extended slab model mapping function is adopted. The        DESCRIPTION
mapping function is evaluated at geodetic satellite         DESCRIPTION
elevation angles. For the computation of the ionospheric    DESCRIPTION
pierce points, a spherical layer with a radius of 6821 km   DESCRIPTION
is assumed, implying geocentric, not geodetic IONEX         DESCRIPTION
latitudes.                                                  DESCRIPTION
Instrumental biases with respect to each involved GNSS code DESCRIPTION
observable are estimated as constant values for each        DESCRIPTION
day. They are modeled with one set of bias parameters for   DESCRIPTION
each satellite and each station in case of GPS and for each DESCRIPTION
satellite-station link in case of GLONASS. The code bias    DESCRIPTION
datum is defined by zero-mean conditions imposed on the     DESCRIPTION
satellite bias estimates. In this file, just GPS C1W-C2W    DESCRIPTION
satellite and station bias values are included. The         DESCRIPTION
complete set of GNSS code bias results is provided in an    DESCRIPTION
additional Bias-SINEX file as pseudo-absolute values        DESCRIPTION
specific to each observable.                                DESCRIPTION
Contact address: code(at)aiub.unibe.ch                      DESCRIPTION
Data archive:    ftp.aiub.unibe.ch/CODE/                    DESCRIPTION
                 www.aiub.unibe.ch/download/CODE/           DESCRIPTION
  2023     4    18     0     0     0                        EPOCH OF FIRST MAP
  2023     4    19     0     0     0                        EPOCH OF LAST MAP
  3600                                                      INTERVAL
    25                                                      # OF MAPS IN FILE
  NONE                                                      MAPPING FUNCTION
    10.0                                                    ELEVATION CUTOFF
One-way carrier phase leveled to code                       OBSERVABLES USED
  6371.0                                                    BASE RADIUS
     2                                                      MAP DIMENSION
   450.0 450.0   0.0                                        HGT1 / HGT2 / DHGT
    87.5 -87.5  -2.5                                        LAT1 / LAT2 / DLAT
  -180.0 180.0   5.0                                        LON1 / LON2 / DLON
    -1                                                      EXPONENT
TEC/RMS values in 0.1 TECU; 9999, if no value available     COMMENT
                                                            END OF HEADER
[from data line 7293]
    18                                                      START OF TEC MAP
  2023     4    18    17     0     0                        EPOCH OF CURRENT MAP
    87.5-180.0 180.0   5.0 450.0                            LAT/LON1/LON2/DLON/H
  259  261  263  265  267  269  271  273  275  276  277  279  280  281  281  281
  282  281  281  280  280  278  277  276  274  272  270  268  266  263  261  258
  256  254  251  249  246  244  242  240  239  237  236  234  233  233  232  232
  231  231  231  231  232  232  233  233  234  235  236  237  238  240  241  242
  244  246  247  249  251  253  255  257  259
    85.0-180.0 180.0   5.0 450.0                            LAT/LON1/LON2/DLON/H
  247  251  255  258  262  267  271  274  278  282  285  288  290  292  294  295
  296  296  295  294  293  291  289  286  283  279  276  271  267  263  258  253
  248  244  239  234  230  226  222  219  216  213  211  210  208  208  207  207
  208  208  209  210  211  212  213  214  215  216  217  218  219  221  222  224
  225  227  229  232  234  237  240  244  247
    82.5-180.0 180.0   5.0 450.0                            LAT/LON1/LON2/DLON/H
  225  229  234  239  245  250  256  262  268  274  279  284  288  291  294  296
  297  297  297  296  295  292  290  287  283  279  275  270  265  259  253  247
  241  234  228  221  215  210  205  200  197  194  192  191  190  190  191  193
  194  196  198  200  201  203  204  204  205  205  205  204  204  204  204  205
  205  206  208  209  212  214  217  221  225
    80.0-180.0 180.0   5.0 450.0                            LAT/LON1/LON2/DLON/H
  199  203  207  213  219  226  233  240  248  255  262  269  274  279  283  285
  287  288  288  287  285  284  282  279  277  273  270  266  261  256  250  244
  237  230  222  215  208  201  195  190  186  184  182  182  183  185  188  191
  195  198  201  204  206  206  206  206  204  202  199  196  194  191  189  188
  187  186  187  187  188  190  192  195  199
    77.5-180.0 180.0   5.0 450.0                            LAT/LON1/LON2/DLON/H
  176  179  183  187  193  199  207  215  223  232  241  248  255  261  265  269
  270  271  271  271  270  269  269  268  267  266  265  263  260  257  252  247
  240  233  225  217  209  202  196  191  187  185  184  186  188  192  197  202
  207  212  216  219  220  220  218  214  210  204  198  192  186  181  177  174
  172  170  170  170  170  171  173  174  176
    75.0-180.0 180.0   5.0 450.0                            LAT/LON1/LON2/DLON/H
  164  166  167  170  174  179  186  194  203  212  221  230  237  244  249  252
  254  255  255  255  255  256  257  258  260  262  263  264  264  262  259  255
  249  243  235  227  219  212  205  200  197  195  196  198  202  207  213  219
  226  231  235  237  237  235  230  224  215  206  196  186  178  171  165  162
  160  159  159  160  161  162  163  164  164
    72.5-180.0 180.0   5.0 450.0                            LAT/LON1/LON2/DLON/H
  165  165  165  165  167  171  176  183  191  200  209  218  226  232  237  240
  242  244  244  245  246  249  251  255  259  263  266  269  271  271  269  266
  262  255  248  241  233  226  220  215  212  212  212  215  219  224  230  236
  242  247  250  251  249  245  237  226  214  201  188  176  165  157  152  149
  149  151  154  157  160  163  164  165  165
    70.0-180.0 180.0   5.0 450.0                            LAT/LON1/LON2/DLON/H
  175  175  174  173  173  175  178  183  190  198  206  214  222  228  233  237
  239  241  243  245  248  251  255  260  265  270  274  277  280  281  280  277
  273  268  262  255  248  241  236  232  229  229  229  231  234  238  242  247
  250  253  255  254  249  242  232  218  203  187  172  158  147  139  136  135
  138  144  150  157  164  169  173  175  175
    67.5-180.0 180.0   5.0 450.0                            LAT/LON1/LON2/DLON/H
  189  189  189  189  188  189  191  194  199  205  211  218  225  231  236  240
  243  247  250  254  258  263  268  273  278  282  285  287  289  289  288  286
  283  278  273  267  260  255  250  247  245  244  244  244  245  245  246  247
  247  247  245  242  236  227  214  199  182  165  149  135  125  119  118  120
  126  135  145  156  166  175  181  186  189
    65.0-180.0 180.0   5.0 450.0                            LAT/LON1/LON2/DLON/H
  197  201  204  205  206  207  208  210  213  217  221  226  231  236  242  247
  252  258  263  269  275  281  286  290  294  295  296  297  297  296  295  293
  291  287  283  278  272  267  263  260  259  257  256  253  251  247  243  239
  234  230  226  220  212  202  189  174  158  141  126  114  105  101  102  106
  114  125  137  150  162  174  183  191  197
    62.5-180.0 180.0   5.0 450.0                            LAT/LON1/LON2/DLON/H
  195  203  210  216  220  223  225  227  229  230  232  235  238  242  247  254
  261  269  277  286  294  300  305  308  309  308  306  305  303  302  301  301
  300  297  294  290  285  281  277  274  272  270  266  262  255  247  237  228
  219  211  203  196  187  177  165  152  137  123  111  101   94   92   93   97
  104  114  126  138  151  163  175  185  195
    60.0-180.0 180.0   5.0 450.0                            LAT/LON1/LON2/DLON/H
  181  193  205  216  225  232  237  240  241  242  242  242  243  246  251  258
  267  278  289  299  308  315  320  321  320  318  314  311  309  309  310  311
  312  312  310  306  301  297  293  290  287  284  279  272  262  250  236  221
  208  197  187  179  170  161  151  140  129  118  109  102   97   96   96   98
  102  108  115  124  134  145  156  169  181
    57.5-180.0 180.0   5.0 450.0                            LAT/LON1/LON2/DLON/H
  159  175  191  207  222  234  243  248  251  251  249  247  246  248  252  260
  270  282  295  307  317  324  328  329  327  324  320  318  318  320  324  328
  331  332  331  327  322  317  312  308  305  302  296  288  275  260  242  225
  209  195  184  175  168  160  152  144  136  129  124  120  117  115  113  111
  110  109  110  113  118  125  134  145  159
    55.0-180.0 180.0   5.0 450.0                            LAT/LON1/LON2/DLON/H
  137  154  173  194  214  231  244  253  258  259  257  254  251  250  253  261
  271  284  298  310  319  326  330  332  331  329  327  327  330  336  342  349
  354  356  355  351  346  340  334  330  327  323  317  308  295  278  258  239
  222  208  197  188  181  175  169  164  159  155  153  151  149  146  142  136
  129  122  115  111  110  111  116  124  137
    52.5-180.0 180.0   5.0 450.0                            LAT/LON1/LON2/DLON/H
  124  140  160  183  207  229  246  259  267  270  268  264  260  257  258  265
  275  287  300  311  320  326  331  333  334  335  337  340  347  355  364  372
  377  379  378  374  369  362  357  353  349  346  340  331  317  300  281  261
  244  230  220  212  206  201  196  193  190  189  188  188  187  183  177  168
  156  144  132  122  115  111  110  114  124
    50.0-180.0 180.0   5.0 450.0                            LAT/LON1/LON2/DLON/H
  126  138  157  181  207  232  253  269  280  285  285  281  276  271  271  276
  285  295  306  315  322  328  333  338  341  345  350  357  366  376  384  391
  395  396  395  392  387  381  377  373  370  367  361  352  338  322  303  285
  269  256  247  239  234  229  225  222  221  221  221  222  220  217  210  200
  187  172  158  146  135  126  121  120  126
    47.5-180.0 180.0   5.0 450.0                            LAT/LON1/LON2/DLON/H
  143  152  169  192  218  244  266  285  299  307  310  306  300  294  292  295
  303  311  320  326  332  338  343  349  355  361  368  376  385  394  400  404
  405  405  404  401  399  396  393  390  388  385  378  368  354  338  320  303
  288  276  268  261  255  250  246  243  243  243  243  244  242  239  233  225
  214  202  189  177  166  156  147  142  143
    45.0-180.0 180.0   5.0 450.0                            LAT/LON1/LON2/DLON/H
  172  177  192  213  239  264  288  308  324  335  339  338  331  325  322  324
  329  336  343  347  352  357  363  370  376  382  389  396  402  407  409  408
  407  406  406  407  407  407  407  406  404  399  391  379  363  346  328  311
  297  286  278  271  265  259  255  252  251  251  251  251  249  247  244  239
  233  225  217  209  200  191  182  174  172
    42.5-180.0 180.0   5.0 450.0                            LAT/LON1/LON2/DLON/H
  203  207  220  241  266  291  314  334  352  365  372  372  367  361  357  359
  364  369  374  377  381  386  393  399  404  408  412  415  417  417  413  409
  406  406  410  415  420  423  424  424  420  413  402  386  368  348  329  312
  298  287  278  271  264  257  253  250  250  249  249  247  245  243  242  242
  241  240  238  234  230  223  215  207  203
    40.0-180.0 180.0   5.0 450.0                            LAT/LON1/LON2/DLON/H
  229  233  247  269  294  319  341  361  379  394  404  407  404  399  396  397
  402  407  411  414  417  423  429  434  437  437  435  434  431  427  421  415
  414  418  427  437  445  450  451  449  443  432  416  396  374  352  331  313
  298  286  276  268  260  253  248  246  246  246  245  241  238  236  236  239
  243  246  248  249  247  244  238  231  229
    37.5-180.0 180.0   5.0 450.0                            LAT/LON1/LON2/DLON/H
  241  249  266  290  318  343  365  385  403  420  433  439  439  436  435  437
  441  446  450  453  457  463  469  472  471  466  461  456  451  446  441  438
  443  454  470  484  493  496  494  488  478  461  439  414  388  363  342  323
  307  294  283  274  265  257  253  251  252  253  251  246  240  236  235  238
  243  247  250  251  251  249  245  241  241
    35.0-180.0 180.0   5.0 450.0                            LAT/LON1/LON2/DLON/H
  239  251  273  302  333  361  383  403  422  441  457  467  471  472  473  475
  480  484  488  492  496  502  507  508  504  497  490  484  482  480  482  488
  501  522  544  561  567  564  555  542  525  502  474  444  415  390  369  350
  335  321  310  300  290  282  277  276  278  280  277  270  261  253  248  247
  249  250  249  247  244  241  238  236  239
    32.5-180.0 180.0   5.0 450.0                            LAT/LON1/LON2/DLON/H
  228  243  269  303  339  371  395  416  436  457  477  492  501  506  509  513
  517  521  524  528  532  538  542  541  537  530  525  524  529  537  548  566
  592  622  649  664  662  649  630  608  584  554  520  486  456  432  413  398
  384  371  361  351  341  332  327  326  328  330  327  319  305  291  280  272
  266  260  252  242  233  226  222  222  228
    30.0-180.0 180.0   5.0 450.0                            LAT/LON1/LON2/DLON/H
  213  230  260  299  339  375  403  426  447  471  494  515  529  539  545  550
  554  556  558  561  565  569  572  572  569  567  569  578  594  614  639  670
  707  745  772  781  768  741  709  679  647  611  572  534  504  484  470  459
  449  440  432  423  414  404  398  396  398  400  397  386  369  348  328  311
  296  280  263  244  227  214  207  206  213
    27.5-180.0 180.0   5.0 450.0                            LAT/LON1/LON2/DLON/H
  202  220  252  293  337  377  408  433  457  483  511  536  556  571  581  587
  590  592  593  594  596  598  600  601  604  611  624  645  673  707  744  787
  831  871  895  893  866  825  782  743  706  664  619  579  550  534  527  523
  518  514  510  504  496  486  478  474  475  476  472  460  439  412  384  358
  334  309  282  256  231  212  200  197  202
    25.0-180.0 180.0   5.0 450.0                            LAT/LON1/LON2/DLON/H
  201  217  247  289  336  379  413  440  466  495  525  555  581  601  616  624
  628  629  629  629  628  627  628  633  643  661  687  720  760  803  849  897
  943  980  995  980  939  887  836  793  751  704  654  609  581  569  568  571
  574  576  577  576  570  560  550  544  542  542  537  524  500  469  434  401
  370  339  308  276  246  222  206  199  201
    22.5-180.0 180.0   5.0 450.0                            LAT/LON1/LON2/DLON/H
  210  221  248  289  336  381  417  447  475  505  538  571  602  628  647  659
  666  668  668  667  664  661  661  670  689  717  754  797  844  891  938  984
 1024 1052 1055 1028  977  918  865  821  777  725  667  617  586  576  581  590
  600  608  616  620  617  608  597  588  584  582  576  562  537  503  464  427
  394  362  330  298  268  242  223  212  210
    20.0-180.0 180.0   5.0 450.0                            LAT/LON1/LON2/DLON/H
  223  229  252  289  336  382  421  452  480  511  545  581  616  647  672  690
  701  707  710  710  706  701  702  714  740  778  822  868  913  957  998 1034
 1063 1077 1067 1030  975  917  869  829  784  726  659  599  563  552  559  573
  589  603  617  626  627  620  609  599  592  587  580  565  540  505  467  430
  397  369  342  315  288  263  243  229  223
    17.5-180.0 180.0   5.0 450.0                            LAT/LON1/LON2/DLON/H
  234  235  253  287  333  380  420  452  482  513  548  585  622  658  689  714
  732  745  753  756  753  748  749  764  795  837  882  925  963  995 1023 1045
 1058 1058 1037  996  943  894  856  822  778  712  633  562  517  502  509  525
  544  564  582  596  600  596  586  575  566  559  550  534  509  476  439  406
  378  357  338  319  298  278  259  244  234
    15.0-180.0 180.0   5.0 450.0                            LAT/LON1/LON2/DLON/H
  236  233  247  279  324  371  413  447  478  509  544  581  620  659  697  730
  757  778  794  802  803  799  802  819  851  892  932  964  988 1006 1018 1024
 1022 1009  981  941  898  863  838  812  767  692  601  516  461  440  444  461
  482  504  525  541  549  546  538  527  517  508  496  479  455  424  390  361
  340  327  317  307  294  280  264  248  236
    12.5-180.0 180.0   5.0 450.0                            LAT/LON1/LON2/DLON/H
  225  220  231  262  307  356  400  437  469  502  537  573  612  654  696  737
  773  804  828  845  851  851  856  873  904  939  968  986  994  996  994  986
  971  950  921  888  858  840  829  809  762  678  574  478  413  386  387  403
  424  447  469  485  492  491  484  475  464  452  437  418  393  363  333  309
  294  287  284  281  275  266  254  239  225
    10.0-180.0 180.0   5.0 450.0                            LAT/LON1/LON2/DLON/H
  204  198  208  238  285  336  383  423  459  494  529  565  604  646  692  738
  782  821  854  879  893  898  905  922  948  975  991  993  987  977  964  948
  927  903  878  855  840  836  836  820  768  676  563  460  390  360  359  373
  393  415  435  448  453  451  445  435  424  409  390  367  341  312  284  263
  251  247  247  248  247  242  232  218  204
     7.5-180.0 180.0   5.0 450.0                            LAT/LON1/LON2/DLON/H
  179  172  181  212  260  314  365  409  450  489  527  563  600  642  689  738
  786  831  871  903  924  936  946  962  982  998 1002  992  975  958  942  925
  905  883  864  852  849  856  860  843  787  690  574  471  402  372  371  386
  405  425  440  447  447  441  433  423  409  391  368  341  311  281  255  235
  223  218  217  217  216  213  206  193  179
     5.0-180.0 180.0   5.0 450.0                            LAT/LON1/LON2/DLON/H
  157  149  158  189  239  296  351  400  447  491  532  569  605  645  690  739
  788  834  878  916  944  962  975  989 1003 1010 1004  986  966  949  936  923
  908  893  881  876  881  891  894  873  812  715  604  508  447  424  427  442
  462  478  487  486  477  465  453  439  423  402  374  342  309  277  250  229
  215  206  200  196  193  190  183  172  157
     2.5-180.0 180.0   5.0 450.0                            LAT/LON1/LON2/DLON/H
  146  137  145  176  226  285  344  398  451  501  546  585  620  657  699  745
  791  836  879  919  951  974  990 1002 1012 1012 1001  981  961  950  944  940
  932  923  916  915  920  927  924  896  833  742  644  564  517  504  512  531
  549  562  563  553  534  514  494  476  456  431  400  365  328  294  265  243
  225  211  199  189  183  178  172  161  146
