tests/test_dsp/c1pg1080.23i
     1.0            IONOSPHERE MAPS     GNSS                IONEX VERSION / TYPE
IONINX V5.5         AIUB                18-APR-23 08:35     PGM / RUN BY / DATE
CODE'S 1-DAY PREDICTED IONOSPHERE MAPS FOR DAY 108, 2023    COMMENT
Global ionosphere maps (GIM) are generated on a daily basis DESCRIPTION
at CODE using data from about 120 GNSS sites of the IGS and DESCRIPTION
other institutions. The vertical total electron content     DESCRIPTION
(VTEC) is modeled in a solar-geomagnetic reference frame    DESCRIPTION
using a spherical harmonics expansion up to degree and      DESCRIPTION
order 15. Piece-wise linear functions are used for          DESCRIPTION
representation in the time domain. The time spacing of      DESCRIPTION
their vertices is 1 hour, conforming with the epochs of the DESCRIPTION
VTEC maps.                                                  DESCRIPTION
To convert line-of-sight TEC into vertical TEC, a modified  DESCRIPTION
single-layer model mapping function approximating the JPL   DESCRIPTION
extended slab model mapping function is adopted. The        DESCRIPTION
mapping function is evaluated at geodetic satellite         DESCRIPTION
elevation angles. For the computation of the ionospheric    DESCRIPTION
pierce points, a spherical layer with a radius of 6821 km   DESCRIPTION
is assumed, implying geocentric, not geodetic IONEX         DESCRIPTION
latitudes.                                                  DESCRIPTION
Instrumental biases with respect to each involved GNSS code DESCRIPTION
observable are estimated as constant values for each        DESCRIPTION
day. They are modeled with one set of bias parameters for   DESCRIPTION
each satellite and each station in case of GPS and for each DESCRIPTION
satellite-station link in case of GLONASS. The code bias    DESCRIPTION
datum is defined by zero-mean conditions imposed on the     DESCRIPTION
satellite bias estimates. In this file, just GPS C1W-C2W    DESCRIPTION
satellite and station bias values are included. The         DESCRIPTION
complete set of GNSS code bias results is provided in an    DESCRIPTION
additional Bias-SINEX file as pseudo-absolute values        DESCRIPTION
specific to each observable.                                DESCRIPTION
Contact address: code(at)aiub.unibe.ch                      DESCRIPTION
Data archive:    ftp.aiub.unibe.ch/CODE/                    DESCRIPTION
                 www.aiub.unibe.ch/download/CODE/           DESCRIPTION
  2023     4    18     0     0     0                        EPOCH OF FIRST MAP
  2023     4    19     0     0     0                        EPOCH OF LAST MAP
  3600                                                      INTERVAL
    25                                                      # OF MAPS IN FILE
  NONE                                                      MAPPING FUNCTION
    10.0                                                    ELEVATION CUTOFF
One-way carrier phase leveled to code                       OBSERVABLES USED
  6371.0                                                    BASE RADIUS
     2                                                      MAP DIMENSION
   450.0 450.0   0.0                                        HGT1 / HGT2 / DHGT
    87.5 -87.5  -2.5                                        LAT1 / LAT2 / DLAT
  -180.0 180.0   5.0                                        LON1 / LON2 / DLON
    -1                                                      EXPONENT
TEC/RMS values in 0.1 TECU; 9999, if no value available     COMMENT
                                                            END OF HEADER
[from data line 2145]
     6                                                      START OF TEC MAP
  2023     4    18     5     0     0                        EPOCH OF CURRENT MAP
    87.5-180.0 180.0   5.0 450.0                            LAT/LON1/LON2/DLON/H
  228  228  228  228  229  229  229  229  229  229  229  229  229  229  229  228
  227  227  226  224  223  222  220  219  217  216  214  212  211  210  208  207
  206  206  205  205  204  204  204  205  205  206  206  207  208  209  210  211
  213  214  215  216  217  219  220  221  222  223  224  224  225  226  226  227
  227  227  227  227  228  228  228  228  228
    85.0-180.0 180.0   5.0 450.0                            LAT/LON1/LON2/DLON/H
  233  233  233  233  233  234  234  235  237  238  239  240  241  242  242  242
  241  240  238  236  233  230  226  222  218  213  209  205  201  198  195  193
  191  189  189  188  189  189  190  192  194  196  198  201  203  206  209  212
  215  218  221  224  226  229  232  234  236  238  239  240  241  242  242  242
  241  241  240  239  237  236  235  234  233
    82.5-180.0 180.0   5.0 450.0                            LAT/LON1/LON2/DLON/H
  236  234  232  231  231  231  232  234  237  240  243  246  249  251  253  254
  254  253  251  248  243  238  231  224  216  209  201  194  188  182  178  174
  172  171  172  173  175  177  180  184  188  192  196  201  205  210  215  219
  224  229  234  239  244  248  253  257  260  263  266  268  269  269  268  267
  265  262  259  255  251  247  243  240  236
    80.0-180.0 180.0   5.0 450.0                            LAT/LON1/LON2/DLON/H
  240  234  230  226  224  223  224  226  229  233  238  243  248  253  257  260
  262  262  260  256  250  243  234  223  212  201  190  180  171  164  159  155
  154  155  157  161  165  171  177  183  189  196  202  208  214  220  226  233
  239  246  253  260  267  274  280  286  292  297  301  303  305  305  304  301
  297  292  286  279  271  263  255  247  240
    77.5-180.0 180.0   5.0 450.0                            LAT/LON1/LON2/DLON/H
  248  238  229  222  217  214  213  213  216  219  224  230  237  243  249  255
  259  261  261  258  252  243  232  219  205  191  177  165  154  146  141  139
  139  142  148  154  162  171  180  188  196  204  212  219  226  233  241  248
  257  265  274  283  292  301  310  319  326  333  338  342  345  345  344  340
  335  328  319  308  297  284  272  260  248
    75.0-180.0 180.0   5.0 450.0                            LAT/LON1/LON2/DLON/H
  262  247  235  224  215  209  205  202  202  203  206  211  217  224  231  238
  245  249  251  250  246  238  227  213  198  182  166  152  141  133  129  128
  131  136  144  154  164  175  186  196  206  215  223  231  239  247  255  264
  274  284  295  306  317  328  339  349  358  366  372  377  381  382  381  377
  371  363  352  339  325  309  293  277  262
    72.5-180.0 180.0   5.0 450.0                            LAT/LON1/LON2/DLON/H
  279  261  246  232  220  211  203  197  193  190  189  190  193  198  205  213
  221  228  233  235  233  227  217  204  189  173  158  144  134  127  123  124
  128  135  145  156  168  181  192  203  213  223  231  240  248  258  268  279
  290  303  315  327  340  351  362  372  382  390  397  403  407  409  408  405
  400  391  380  367  351  334  316  297  279
    70.0-180.0 180.0   5.0 450.0                            LAT/LON1/LON2/DLON/H
  296  278  261  245  232  220  210  200  191  184  177  173  171  173  177  184
  193  201  209  214  215  212  204  194  181  167  153  141  132  126  124  126
  131  138  148  159  171  183  195  206  216  226  235  245  255  266  279  292
  306  320  334  347  359  369  379  388  396  403  409  414  418  421  421  419
  415  408  398  385  370  353  335  315  296
    67.5-180.0 180.0   5.0 450.0                            LAT/LON1/LON2/DLON/H
  310  292  276  261  247  234  222  210  198  186  174  164  157  153  154  158
  165  175  183  190  194  193  189  181  171  160  150  141  135  131  129  131
  135  141  149  159  170  181  192  203  214  224  235  247  260  274  289  305
  321  337  351  364  375  383  390  396  401  406  410  414  417  419  420  419
  416  411  403  392  380  364  347  329  310
    65.0-180.0 180.0   5.0 450.0                            LAT/LON1/LON2/DLON/H
  319  302  287  273  260  248  237  224  210  194  179  164  151  143  139  140
  145  153  161  168  173  174  172  167  161  154  147  142  139  137  136  136
  138  142  147  154  163  173  184  196  208  220  234  248  264  282  300  319
  338  355  369  381  389  394  398  400  401  403  405  407  409  410  411  410
  407  403  397  389  379  367  352  336  319
    62.5-180.0 180.0   5.0 450.0                            LAT/LON1/LON2/DLON/H
  321  306  292  279  268  258  248  236  222  206  188  170  155  143  135  133
  135  140  146  151  155  156  155  152  149  146  144  143  142  142  141  140
  139  139  142  147  154  164  176  189  203  218  234  252  271  292  314  336
  356  374  388  397  403  405  405  403  402  401  401  401  402  402  401  399
  396  392  387  381  374  363  351  337  321
    60.0-180.0 180.0   5.0 450.0                            LAT/LON1/LON2/DLON/H
  320  305  292  280  271  262  254  243  231  215  198  180  164  150  141  136
  135  136  138  141  142  142  140  139  138  138  140  142  144  145  144  141
  137  135  135  138  146  156  170  185  202  220  239  260  282  306  330  354
  375  394  407  415  419  418  415  411  407  405  404  403  403  401  399  395
  390  385  380  375  369  360  349  335  320
    57.5-180.0 180.0   5.0 450.0                            LAT/LON1/LON2/DLON/H
  322  306  292  280  270  262  255  246  235  221  205  189  174  161  152  145
  141  140  139  138  136  134  132  130  131  133  138  142  146  147  144  140
  134  130  129  132  141  154  171  189  208  228  249  272  296  322  348  373
  395  414  427  435  437  435  431  426  422  420  419  419  418  415  410  403
  396  388  382  376  370  362  351  337  322
    55.0-180.0 180.0   5.0 450.0                            LAT/LON1/LON2/DLON/H
  330  313  297  284  273  264  256  247  236  223  209  195  182  171  163  156
  152  148  145  141  138  134  131  130  130  134  139  144  148  148  145  138
  132  127  127  132  144  160  179  199  220  241  264  287  312  339  366  392
  415  434  448  456  459  458  454  450  447  446  446  446  445  441  434  424
  414  404  395  389  382  373  362  347  330
    52.5-180.0 180.0   5.0 450.0                            LAT/LON1/LON2/DLON/H
  349  330  313  298  285  274  263  252  239  226  212  198  187  178  171  165
  161  157  153  149  146  142  139  138  138  141  145  150  152  151  146  139
  132  128  130  139  153  172  193  214  236  258  280  304  329  356  383  410
  434  454  470  479  484  485  484  481  480  479  480  481  480  475  466  454
  441  428  419  411  404  395  383  367  349
    50.0-180.0 180.0   5.0 450.0                            LAT/LON1/LON2/DLON/H
  377  358  340  325  310  297  283  267  251  234  217  202  191  182  175  170
  167  164  162  160  159  157  156  154  154  156  158  159  159  156  150  143
  137  135  139  150  167  188  210  232  253  274  296  319  345  371  399  427
  453  475  493  505  513  516  517  517  516  516  516  517  515  510  499  486
  470  457  447  439  432  424  412  395  377
    47.5-180.0 180.0   5.0 450.0                            LAT/LON1/LON2/DLON/H
  411  393  377  362  348  332  315  295  273  251  229  211  196  186  178  173
  170  169  171  173  175  177  177  176  175  174  174  172  169  164  157  150
  145  145  151  164  183  204  226  247  268  289  311  334  359  387  416  445
  472  496  516  532  543  550  553  554  552  551  549  548  545  538  527  513
  497  483  474  468  462  455  444  428  411
    45.0-180.0 180.0   5.0 450.0                            LAT/LON1/LON2/DLON/H
  445  430  417  404  391  375  355  332  305  277  249  226  207  193  183  177
  174  175  179  186  192  196  198  198  196  194  191  187  181  174  166  159
  155  156  164  178  196  217  238  259  281  302  325  349  375  403  433  463
  492  518  540  559  573  583  588  589  587  582  577  573  568  560  548  533
  518  505  497  493  489  484  474  460  445
    42.5-180.0 180.0   5.0 450.0                            LAT/LON1/LON2/DLON/H
  473  461  452  442  431  416  396  370  340  307  275  246  223  206  194  185
  182  183  190  199  208  214  216  216  214  211  206  200  193  185  177  170
  167  168  175  188  205  225  246  268  291  315  339  365  391  420  450  482
  512  539  563  583  601  614  622  624  620  613  604  596  588  579  567  552
  537  525  517  514  512  508  499  487  473
    40.0-180.0 180.0   5.0 450.0                            LAT/LON1/LON2/DLON/H
  495  484  477  470  460  446  426  399  368  333  299  269  244  225  210  200
  195  196  203  213  221  226  228  227  225  223  219  212  205  197  189  183
  179  179  184  194  209  228  250  274  301  328  356  382  409  438  468  499
  530  557  582  604  625  642  654  658  655  647  636  626  616  605  592  577
  561  548  540  536  534  529  520  508  495
    37.5-180.0 180.0   5.0 450.0                            LAT/LON1/LON2/DLON/H
  511  500  491  484  474  459  439  413  382  349  316  287  263  246  232  221
  214  214  219  227  233  235  234  233  232  232  230  225  218  210  203  197
  192  189  191  198  211  229  253  281  312  344  374  401  428  454  483  514
  543  570  596  620  645  667  685  696  697  691  682  671  661  650  636  620
  602  586  574  566  560  553  541  526  511
    35.0-180.0 180.0   5.0 450.0                            LAT/LON1/LON2/DLON/H
  530  514  501  489  475  457  434  408  379  348  319  295  277  264  253  244
  237  236  238  242  243  241  238  237  239  242  243  240  234  227  220  213
  207  201  198  201  212  231  257  290  326  361  393  419  443  467  494  522
  550  577  603  630  660  691  718  737  748  749  745  739  730  720  706  687
  665  643  625  610  599  586  570  550  530
    32.5-180.0 180.0   5.0 450.0                            LAT/LON1/LON2/DLON/H
  560  537  516  496  474  448  420  391  362  335  310  292  282  276  271  265
  260  257  257  257  255  249  245  246  252  260  264  262  256  248  241  233
  224  214  207  206  215  234  263  300  340  377  408  432  452  473  497  523
  550  577  605  636  673  713  751  783  806  819  825  825  822  813  799  778
  751  722  696  673  654  634  612  587  560
    30.0-180.0 180.0   5.0 450.0                            LAT/LON1/LON2/DLON/H
  608  576  546  516  483  446  410  375  345  318  296  283  279  280  282  281
  278  276  274  272  268  262  261  266  277  288  294  291  283  274  264  255
  243  230  219  214  220  239  270  309  350  387  416  436  452  470  493  518
  545  573  603  640  684  734  784  830  867  894  912  922  924  919  905  882
  852  817  782  751  725  700  672  641  608
    27.5-180.0 180.0   5.0 450.0                            LAT/LON1/LON2/DLON/H
  676  638  600  559  515  467  419  377  341  311  289  277  276  281  288  291
  290  289  289  287  285  284  288  300  316  329  334  327  314  301  289  277
  263  247  232  224  227  245  275  313  354  388  413  430  443  460  483  510
  538  568  602  644  696  754  814  871  921  961  990 1010 1019 1018 1005  983
  951  912  873  836  805  777  747  713  676
    25.0-180.0 180.0   5.0 450.0                            LAT/LON1/LON2/DLON/H
  759  718  676  630  576  517  459  408  365  330  303  287  282  286  293  297
  298  299  301  303  307  313  327  346  367  379  378  364  344  326  310  297
  281  262  244  233  233  247  274  310  347  378  400  415  428  447  473  502
  533  566  605  652  709  772  837  900  957 1005 1044 1071 1086 1088 1079 1059
 1029  992  952  915  884  857  829  796  759
    22.5-180.0 180.0   5.0 450.0                            LAT/LON1/LON2/DLON/H
  846  809  768  720  662  597  531  472  423  380  345  320  307  304  306  307
  308  309  313  321  333  350  374  400  422  429  419  395  367  342  324  309
  292  272  252  238  234  244  266  297  330  359  379  394  412  436  466  500
  535  572  614  665  723  786  849  911  968 1018 1059 1090 1108 1114 1108 1094
 1070 1040 1007  975  950  928  907  880  846
    20.0-180.0 180.0   5.0 450.0                            LAT/LON1/LON2/DLON/H
  926  896  862  818  761  694  624  562  508  460  417  381  355  340  333  328
  325  325  331  342  362  389  422  452  471  469  447  412  375  347  327  312
  295  275  254  238  230  234  250  277  306  334  355  375  398  430  468  507
  545  585  629  681  737  794  849  902  951  995 1033 1062 1081 1089 1088 1081
 1068 1050 1028 1007  991  980  968  950  926
    17.5-180.0 180.0   5.0 450.0                            LAT/LON1/LON2/DLON/H
  984  965  940  904  853  787  719  657  604  555  507  462  424  397  378  365
  356  352  356  368  392  425  462  492  503  490  454  409  367  337  318  304
  288  270  249  231  220  219  230  252  280  309  335  361  393  432  477  521
  562  604  650  700  750  798  840  877  912  943  972  996 1013 1022 1027 1028
 1027 1024 1017 1010 1006 1006 1005  998  984
    15.0-180.0 180.0   5.0 450.0                            LAT/LON1/LON2/DLON/H
 1015 1005  990  962  917  856  790  733  686  642  596  548  502  466  438  418
  403  392  390  398  420  453  488  512  512  485  438  387  344  315  298  287
  274  257  238  220  206  201  208  229  258  290  322  356  395  442  492  539
  582  624  670  718  762  797  824  845  862  878  895  911  925  936  944  954
  965  976  984  991  999 1009 1018 1020 1015
    12.5-180.0 180.0   5.0 450.0                            LAT/LON1/LON2/DLON/H
 1018 1015 1005  983  941  882  820  768  730  697  660  618  574  535  505  481
  460  443  432  431  443  468  495  508  495  456  403  350  310  286  274  265
  254  239  222  205  191  184  190  210  243  280  319  359  404  455  507  555
  598  641  687  732  770  796  810  817  818  820  824  833  845  857  870  885
  905  927  947  964  980  997 1010 1018 1018
    10.0-180.0 180.0   5.0 450.0                            LAT/LON1/LON2/DLON/H
 1003 1000  991  968  923  862  799  751  723  704  682  654  621  591  565  543
  521  498  476  461  459  470  482  482  457  411  355  307  275  258  250  243
  234  220  206  190  177  171  177  199  236  279  322  366  413  465  517  563
  606  649  695  739  774  796  804  802  794  786  783  787  799  813  828  846
  870  898  924  945  963  980  994 1001 1003
     7.5-180.0 180.0   5.0 450.0                            LAT/LON1/LON2/DLON/H
  980  973  959  928  876  806  737  688  665  659  655  646  633  619  607  593
  574  547  514  485  466  459  456  442  408  359  308  269  246  237  232  226
  216  203  190  178  166  161  169  195  235  283  328  372  418  466  514  559
  601  645  693  739  775  798  808  807  799  788  783  788  802  819  835  853
  875  901  925  944  958  969  978  982  980
     5.0-180.0 180.0   5.0 450.0                            LAT/LON1/LON2/DLON/H
  962  948  925  884  818  735  654  597  574  576  588  600  609  616  622  622
  610  582  542  499  464  440  422  398  361  315  273  244  231  226  222  214
  202  190  178  168  159  155  165  193  237  286  331  372  412  455  498  541
  583  629  680  730  771  802  821  830  830  826  825  836  855  876  891  904
  919  937  953  963  968  971  973  970  962
     2.5-180.0 180.0   5.0 450.0                            LAT/LON1/LON2/DLON/H
  955  935  904  852  773  676  580  511  480  483  504  531  560  588  613  627
  623  598  554  503  456  420  392  362  326  288  256  237  230  226  220  208
  193  179  168  159  152  150  161  191  235  283  326  361  395  431  471  512
  555  604  659  713  762  803  837  863  878  886  896  915  942  966  980  986
  990  995  999  997  990  983  977  968  955
